[narslip.JPG]
moddate=59cc7b03efcbd101
width=758
height=576
text=1;136;15;1&#010;2&#010;3&#010;4&#010;5&#010;6&#010;7&#010;8;Arial;0.577073,0.539838,0.056993,6.283185;v1,4278190080,4278190080,128.000000,1.000000,0.000000,1.000000,700,0,49152;;
textactive=1
[eyeliner1.jpg]
moddate=3dfe4089f5cbd101
width=2400
height=1200
text=1;127;7;1&#010;&#010;2&#010;&#010;3;Arial;0.012248,0.120472,0.055556,0.000000;v1,4278190080,4278190080,128.000000,1.000000,0.000000,1.000000,700,0,49152;;
textactive=1
